232,235,210	// 0   [background color 1]
196,200,176	// 1   [background color 2]
214,219,191	// 2   [top of spec]
0,0,0		// 3
214,219,191	// 4
0,0,0		// 5
214,219,191	// 6
0,0,0		// 7
214,219,191	// 8
0,0,0		// 9
214,219,191	// 10  [middle of spec]
0,0,0		// 11
214,219,191	// 12
0,0,0		// 13
214,219,191	// 14
0,0,0		// 15
214,219,191	// 16
0,0,0		// 17  [bottom of spec]
0,0,0		// 18  [osc 1]
0,0,0		// 19  [osc 2]
0,0,0		// 20  [osc 3]
0,0,0		// 21  [osc 4]
0,0,0		// 22  [osc 5]
157,157,157	// 23  [peak color]
